previous_temp_timestamp: Thu May 16 01:57:07 2013
previous_winding_temp: 0.0555670864068638
previous_case_temp: 0.0291705510698925