previous_temp_timestamp: Thu May 16 01:57:07 2013
previous_winding_temp: 5.1178089179615
previous_case_temp: 1.06436179061927