previous_temp_timestamp: Wed May 15 07:03:27 2013
previous_winding_temp: 0.0410101666630673
previous_case_temp: 0.0410088786366707