previous_temp_timestamp: Wed May 15 07:03:27 2013
previous_winding_temp: 1.20055543786228
previous_case_temp: 1.17396163350285