previous_temp_timestamp: Thu May 16 01:57:07 2013
previous_winding_temp: 1.16963309087374
previous_case_temp: 0.999054789920827