previous_temp_timestamp: Mon Jul 22 04:44:03 2013
previous_winding_temp: 0.548224262081753
previous_case_temp: 0.543048284136425