previous_temp_timestamp: Thu May 16 01:57:07 2013
previous_winding_temp: 0.291988523142173
previous_case_temp: 0.172785179154708