previous_temp_timestamp: Wed May 15 02:16:40 2013
previous_winding_temp: 0.060190196919006
previous_case_temp: 0.0593592625942385