previous_temp_timestamp: Thu May 16 01:57:07 2013
previous_winding_temp: 2.88673766806575
previous_case_temp: 2.36058696463557