previous_temp_timestamp: Thu May 16 01:57:07 2013
previous_winding_temp: 9.29260827999304
previous_case_temp: 3.15557219486426