previous_temp_timestamp: Mon Jul 22 04:44:03 2013
previous_winding_temp: 0.00436257515655569
previous_case_temp: 0.00407885332213453