previous_temp_timestamp: Tue Aug 27 16:16:13 2013
previous_winding_temp: 0.289237419837463
previous_case_temp: 0.267007481535273