previous_temp_timestamp: Wed May 15 02:16:40 2013
previous_winding_temp: 0.157623762376225
previous_case_temp: 0.157623762376225