previous_temp_timestamp: Wed May 15 02:16:40 2013
previous_winding_temp: 0.303861386138628
previous_case_temp: 0.303861386138628