previous_temp_timestamp: Thu May 16 01:57:07 2013
previous_winding_temp: 3.09816232605737
previous_case_temp: 2.65831747933191