previous_temp_timestamp: Wed May 15 02:16:40 2013
previous_winding_temp: 1.4210854715202e-14
previous_case_temp: 7.105427357601e-15