previous_temp_timestamp: Thu May 16 01:57:07 2013
previous_winding_temp: 0.488727778196335
previous_case_temp: 0.374582856893539