previous_temp_timestamp: Thu May 16 01:57:07 2013
previous_winding_temp: 0.00899088103324175
previous_case_temp: 0.00840763375163078