previous_temp_timestamp: Thu May 16 01:57:07 2013
previous_winding_temp: 0.652678966522217
previous_case_temp: 0.50060498714447