previous_temp_timestamp: Thu May 16 01:57:07 2013
previous_winding_temp: 0.0630594044923782
previous_case_temp: 0.0491557009518147