previous_temp_timestamp: Wed May 15 07:03:27 2013
previous_winding_temp: 2.1316282072803e-14
previous_case_temp: 1.4210854715202e-14