previous_temp_timestamp: Thu May 16 01:57:07 2013
previous_winding_temp: 5.47529139935176
previous_case_temp: 0.841620810247555