previous_temp_timestamp: Mon Jun  3 06:36:44 2013
previous_winding_temp: 0.125319935602718
previous_case_temp: 0.119937740487629