previous_temp_timestamp: Mon Jun  3 06:36:44 2013
previous_winding_temp: 0.221584158415851
previous_case_temp: 0.221584158415851