previous_temp_timestamp: Wed May 15 02:16:40 2013
previous_winding_temp: 1.46375599474014
previous_case_temp: 1.46375599474013