previous_temp_timestamp: Thu May 16 01:57:07 2013
previous_winding_temp: 2.20634799900622
previous_case_temp: 2.16413336697191