previous_temp_timestamp: Tue Aug 27 16:16:13 2013
previous_winding_temp: 0.228138536509952
previous_case_temp: 0.228138536509906