previous_temp_timestamp: Thu May 16 01:57:07 2013
previous_winding_temp: 3.80359189817221
previous_case_temp: 3.74490230390341