previous_temp_timestamp: Thu May 16 01:57:07 2013
previous_winding_temp: 0.876918783872433
previous_case_temp: 0.862290731160947