previous_temp_timestamp: Thu May 16 01:57:07 2013
previous_winding_temp: 0.944390764921017
previous_case_temp: 0.930304339616605