previous_temp_timestamp: Wed May 15 07:03:27 2013
previous_winding_temp: 0.707548538057015
previous_case_temp: 0.707548538057008