previous_temp_timestamp: Thu May 16 01:57:07 2013
previous_winding_temp: 8.5138378804273
previous_case_temp: 8.48407179766362